426

ἀπρόθυμοι 17,12.

ἀριθμοὶ στρατιωτικοί 229, 2. 284, 4.

ἀρκεῖν, οἷρκεῖσθαι9, 11. 10, 2. 11, 15.
17, 10. 19,21. 24, 20. 54, 15. 60,14.
74,10.14. 82, 6. 85,18. 93,17.
101, 20. 110, 18. 121. 8 122. 12.
129, 2. 11. 134, 6. 140, 19. 142, 3.
147, 13. 152, 16. 153, 18. 163, 6.
164, 19. 173, 13. 181, 9. 184, 8.
189, 1. 194, 4. 200, 17. 203,
209, 20. 210, 3. 211.5. 22. 212. 14.
219, 5. 221, 15. 230, 6. 232, 9.
233, 22. 234, 8 260. 20. 266, 12.
271, 7. 272, 17. 274, 10. 276, 4.
280, 9. 282, 16. 287, 6. 293,14.
297, 16. 299, 1. 6. 303, 7. 316, 15.
319,4. 18. 328,18. ἐπαρκεῖν
164, 3. 303, 9.

ἁρχὴ στρατηγίας 315,11-

(ἔρχιφύλαρχος 157, 3.

ἅσμενίσαι 19, 7. 113, 11.

ἀ’ἔέ’6’ἶμ1”ῗέὲῖ; 1²52 ὲὲἓ, 9¹2³. 2⁰⁸ ⁷

ατοπος 15, 9. 116, 2. 212, 4.

ἄφατος 32, 11. 81, 3.

ἄχρις ὅτε 71,19.113,12.117,20.
162,10. 222,13. ἑσπέρας ἄχρι
83, 9. Κυρήνης ἄχρι 99,19.
νυκτὸς ἄχρι βαθείας 135,11.
αχρι παντὸς τοῦ βίου 124, 7.

ἕκῗξῖἷ 353303731615 995 9

βιοτεύειν 61, 21. 119, 21. 276, 22.
282, 9. 322, 8

βουκολεῖν 87, 22. 259, 4 304, 5.

παρὰ βραχὺ ἐλθόντες τοῦ 39,16.

γεφυραῖοι 216, 3.

» ἐγίνοντο τῆς α’νανειόσεως 282, 7.

τὰ δάση 229,14.

δέει τοῦ μὴ παθεῖν τι 17,13. 45,10.
56,18.104,21.122,10.130,12.
133, 23. 256, 11. 264, 5. 286, 5.
288,15.289,19. 320, 4. τοῦ πει-
ραθῆναι 272, 20. τῆς οέφαιρέ
σεως 100 7.

δείκηλα 216, 7. 281, 4.

δεκτός 51, 18.

δημοσίας ποιεῖν τὰς οὐσίας 15, 9.
τοῦ δημοσίου ποιεῖν 310, 7. εἰς
τὸ δημόσιον φέρειν 184, 6.

διὰ τῶν μάντεων ᾔει alium post
alium adiit vatem, adeoque dein-
ceps omnes adiit (I’Ieyn.) 63,10.

διαθεῖναι 10, 2 15,4. 16, 22. 17, 3.
28, 18. 36, 3. 16. 37, 21. 45, 15.
57, 17. 76, 1. 78. 11. 123, 21.
124, 18. 133, 16. 137, 20. 142, 13.

INDEX GRAMMATICUS.

144, 4. 172,13. 173, 6. 182, 8. 190, 5.
197, 18. 201, 2. 207, 22. 228, 17.
229, 8. 236, 14. 242, 20. 250, 19. 21.
269,11.290,14.298,16. διαθέ-
σθαι54, 3. 81, 17. 186, 11 195, 22.
διακεῖσθαι ἐν ἐσχάτῳ 35, 18. πορ-
ρωτάτω 11,16. πρὸς τῷ Πόντῳ
διαπρέπειν 23, 9. 42, 4. 176, 15.

7. , 227, 23. 257, 16. 258, 5. 273, 20.

289, 13. 317, 11.

διαπρεπής 46, 13.

διερευνᾶσθαι med. 80, 11. 155, 8.
158, 21. 166, 22. 182, 13. 183, 9.
231, 6,11. 311, 20. διερευνῆσαι

δοθέντος καιροῦ 61, 1. δοθείσης
3155&0303220430252322335
δώκασι χρόνοι 293, 13.

δορυφορία 14, 9. 161, 8. 172, 6.
225, 22. 323,15.

δυσκληρία 72, 6.

ἐᾶνί. q. καταλείπειν 90, 20. 104, 9.

ἔγ κελεύεσθαι 45,18. 48,10 60,19.
y64, 3. 80, 18. 117, 8. 118, 13.
233,11,248,18.

ἕγκοτος 190, 20. 236, 5.

Ξζῖκᾴδτεαὲςσῗξέτιὲἓται 31, 23.

εἰκῇ κείμενος 73, 14. 228, 2.

εἶναι] σῖτον ἄλευρα εἶναι ἐργαζο-
μὲνη η,156 11. ν’πατον εἶναι κατ·
ε’στη σε 276, 13.

εἰςί. q. ἐν, ’Ἀρβηλαν 10, 16. εἰςτὸν
πορθμόν 16,11.

εἰσφέρειν εὔνοιαν 120,1. συνεισ-
φέρειν 239, 20.

εἰσφρῆσαι εαυτὸν τῆ βασιλείᾳ 75, 7.

ἐκδεδι ητημένος βίος 109, 5. τὸ ἐκ·
δεδιῃτημένον 198, 7.

ἐκεῖσε ι. q. ἐκεῖ 18, 7. 23,1. 14 19.
27‚18.29,1.016.30,22.37,.9
39, 14. 48, 19. 64, 3. 75, 13. 78, 9.

ἐκθύσασθαι 77,1.

ἐκθυσία 63,12.

ἑκμέλεια 24, 17. 116, 3. 155, 17. 194, 6.
204, 22. 235, 13. 274, 5. 322, 17.

ἐκμελής 13, 6. 28, 9. 198, 8. 212, 4.

{affigi-3965, 2. 26, 11. 155, 16. 159, 2.

191, 6. 236,13.
ἐκπεσών κοινωνοῦ 240, 4. ἦ ἔπι-
κροὲτεια ἐκπεσουσα ταῖν οἰκητό-

ρων 245, 21-

